Highway Segments
320
1073884882
1074271827
1074860010
1075607532
1077546735
1077618889
1078476100
1078746689
1080668868
1081217977
1082362725
1082525189
1084573750
1084956113
1086245336
1087997034
1088382462
1088778463
1088786063
1089513347
1089901727
1091997501
1096499974
1096794827
1099402204
1100111022
1100637199
1100841334
1100975982
1101475492
1103916790
1104630316
1105782123
1106733682
1106836912
1107599719
1107940687
1109677507
1113010467
1114516637
1114744990
1114911760
1115610699
1116733153
1117194538
1117422635
1117553079
1117654091
1117838460
1118284866
1118648568
1119645588
1119730594
1119870368
1119918128
1120591102
1120824012
1120916161
1121191806
1121371103
1124134127
1125101051
1125967943
1129420238
1130432306
1130997852
1131103007
1133025319
1134207623
1134837923
1134958083
1135347214
1135588784
1135913196
1136644100
1137003481
1137281377
1138567564
1139918188
1140077886
1140653346
1141757179
1142274390
1143019654
1143331076
1143658181
1145068411
1145590449
1145805273
1146821624
1146830609
1147808820
1148379165
1148644163
1148924138
1152306771
1153531866
1153665063
1154707914
1155306409
1156470120
1157393933
1157523697
1160093940
1160576035
1161957498
1163976481
1164710792
1165232450
1165297812
1165872821
1166544606
1167501446
1167519761
1168000866
1168418867
1169219347
1169529990
1169888809
1170153802
1170500841
1173232651
1175227914
1176036805
1176381287
1177227737
1178222439
1179134458
1179280388
1179670574
1180250886
1181726393
1181885066
1182210273
1182668648
1182700541
1183198940
1184492029
1184896497
1185245570
1187508345
1187660459
1187664446
1188300927
1188773947
1190537394
1191246706
1192398741
1192611895
1192789371
1192851269
1193783885
1193855762
1194238185
1195022811
1197387863
1199051851
1199276681
1200687486
1201680707
1201884196
1202061900
1204250711
1205027091
1205082015
1205445383
1205700173
1207943993
1209448263
1209506297
1211495315
1211844150
1212011737
1213009571
1213403708
1214300986
1216084792
1217592760
1218442975
1218687602
1220963426
1221175020
1222810429
1224059564
1224183343
1226098058
1227328912
1229069928
1230114373
1230283204
1230837987
1231719059
1233973528
1235043191
1235981981
1236380161
1238881337
1239286578
1239852878
1240241917
1240315965
1240640479
1241248998
1242664374
1243631945
1243779771
1244140261
1245011113
1245793561
1247133855
1248060146
1248656627
1249576364
1250376246
1251399190
1251564827
1251848387
1252282736
1255790657
1257017661
1257612277
1258187956
1258471583
1258856343
1259402886
1259727223
1259783804
1259786107
1259858512
1260968287
1261130179
1261332801
1261539618
1261845534
1261895472
1263054217
1263178639
1263450448
1263560045
1264015802
1264124310
1266277029
1267004410
1267368730
1268778601
1269003633
1269161913
1269523614
1270009429
1271135929
1273444272
1273506390
1274406500
1274796276
1275084517
1275242096
1276076627
1278414146
1278867286
1279829233
1279935627
1280348806
1283671593
1283904817
1283983933
1287445960
1287782267
1289168463
1289196762
1290015192
1291658895
1292095056
1292484887
1293029265
1293635030
1293927041
1294147435
1294808812
1296175845
1301499192
1301556922
1303652333
1303888711
1304711260
1306900977
1307568932
1308649161
1312480740
1313154791
1314173450
1314637444
1314735725
1315203332
1315456036
1315730372
1317537609
1320015406
1320557459
1320714302
1321944280
1323300394
1323804025
1323894201
1325725094
1327257681
1327353051
1328846745
1329333099
1331482756
1332406375
1333618640
1335416427
1336142019
1337054005
1338475591
1339007591
1339376817
1340114798
1340638257
1341683101